0.1	6.29493
0.2	6.3297
0.3	6.38623
0.4	6.46255
0.5	6.55634
0.6	6.66506
0.7	6.78624
0.8	6.91756
0.9	7.05696
1	7.20266
1.1	7.35314
1.2	7.50715
1.3	7.66365
1.4	7.82181
1.5	7.98096
1.6	8.14054
1.7	8.30013
1.8	8.45938
1.9	8.61801
2	8.77582
2.1	8.93263
2.2	9.08832
2.3	9.2428
2.4	9.39598
2.5	9.54782
2.6	9.69827
2.7	9.84733
2.8	9.99497
2.9	10.1412
3	10.286
3.1	10.4294
3.2	10.5714
3.3	10.712
3.4	10.8512
3.5	10.9891
3.6	11.1257
3.7	11.2609
3.8	11.3949
3.9	11.5276
4	11.6591
4.1	11.7894
4.2	11.9185
4.3	12.0465
4.4	12.1733
4.5	12.299
4.6	12.4236
4.7	12.5471
4.8	12.6696
4.9	12.7911
5	12.9115
